CONTROLE DE LINHAS E APARELHOS UNIDADE 607
11968438993
11940126999
11993389933
11999456103
11966128365
11993187135
11994790571
11994662772
11993860958
11966475060
11966483284
11999761128
11966485683
11966486073
11966486975
11969173984
11992683456
11988891197
11976362705
11910488819
11910074535
11976397241
11976414670
11910711280
11976716089
11976883667
11976895870
11976918504
11976963047
11988329163
11988404563
11988835789
11988952336
11989012758
11937361046
11993169719
11910737682
11910063544
11910803048
11910737196
11989775646
11989844635
11991001454
11991050759
11991054423
11992672159
11961787917
11991236829
11991298315
11910063495
11991497260
11993188695
11991568223
11991609469
11991705664
11976211878
11991928877
11910795937
11991984208
11992034098
11964662566
11910390891
11973495993
11910390869
11992327646
11997813663
11993135218
11991198531
11993139450
11993140901
11915570742
11993351689
11993145832
11910777413
11993157290
11940000455
11950415923
11993161087
11912870435
11994101357
11993166813
11993167591
11993168542
11911321338
11989060071
11971094734
11993269410
11993187789
11994755214
11910514674
11993189852
11912120946
11993198850
11915545722
11993221514
11993311795
11910739402
11993145240
11993318949
11993321132
11934305209
11993329114
11993330375
11993336773
11993348309
11993323046
11993351679
11993353210
11993197654
11997052484
11993385397
11993385798
11993387993
11993388064
11993388738
11988162726
11993421368
11994775857
11993537883
11993568827
11993568867
11993768124
11994006777
11994737185
11991119352
11994202715
11994630226
11994636016
11994636478
11994637233
11994645522
11994645680
11994651394
11933768677
11994716727
11994772212
11994806417
11994881538
11994904241
11994870964
11933799434
11943594256
11991256842
11993537610
11997272373
11932913808
11994863034
11943113129
11956698408
11993163068
11972038133
11973591256
11994812485
11993569889
11993338421
11943608628
11993411749
11933805422
11993769094
11932903479
11934883970
11972199913
11996997234
11988926357
11994645892
11993139434
11974588755
11915570810
11997108126
11966384925
11910776323
11997081546
11997121856
11910389743
11910710124
11941355606
11997148194
11992325783
11976369915
11993349328
11989636317
11993416627
11910731491
11915571026
11993196806
11930602413
11993373932
11911346141
11933794350
11993187721
11937752963
11912022387
11915572678
11933711455
11933802183
11933772387
11994861990
11996252371
11943945306
11973543860
11996417104
11915685408
11915570753
11915571118
11996990996
11910789661
11994681934
11993338260
11910077926
11991607945
11997035835
11975866528
11994588789
11991924363
11993370116
11976349391
11912230307
11912001539
11976362748
11934424699
11933805881
11991093298
11911945177
11934761803
11932528460
11941873580
11943973581
11910512816
11942707962
11950389014
11934173215
11993524365
11974754667
11911781180
11993340666
11994862743
11934832846
11997021935
11974255605
11910803853
11993488878
11994646062
11994627771
11993346948
11966449157
11912157600
11988245664
11999498148
11915739200
11910390688
11994861973
11989685947
11993139633
11997135976
11993782896
11914683175
11911399057
11915570128
11915561969
11964847034
11934304134
11996957193
11910794213
11910496628
11993376695
11993383723
11915545542
11915570381
11910754548
11915734157
11914749706
11915676023
11910737624
11964704905
11910390871
11934764926
11991601545
11933585516
11910737165
11910072439
11993328375
11915570420
11911557279
11915546240
11957721205
11994629928
11993389933
11993339120
11975565957
11942357195
11976372984
11996991563
11914683225
11993766592
11993349027
11992262488
11943686271
11993578683
11995495962
11994580936
11991532978
11976349392
11932952692
11966077685
11942230654
11993583398
11964001064
11989639305
16981090585
11930349109
11974167120
11975338258
11997108554
11932918294
11910053863
11915735953
11914718737
11964882451
11991578439
11997071974
16997439057
11966485637
16996285363
16996424951
11997115101
11993523082
11973644877
11997613937
16997127825
11910729565
16996422197
11996558018
16982240817
11993266459
11934940573
11916088566
11934120241
11937101386
11999442124
11993313863
11971546126
11993527089
11993528163
11994580602
11993399420
11994630270
11994780556
11916242452
11993568296
11993419073
11993199924
11992316618
11916286276
11993369961
11993381947
11993399588
11993571832
11910794325
11997110407
11997760045
11910064563
11991707946
11970643487
11989174909
11976733019
11976597159
11915570730
11991040570
11915535502
11932863166
11937437891
11910035306
11943207430
11937704599
11976339806
11976372935
11966116480
11966162899
11934305257
11942501066
16997607910
11950557702
16997476795
16997976945
11950577020
11956195134
11995952279
11934940715
11934940926
11934941013
16997189785
16997470917
11930794466
11910729318
16997858329
16991824281
16981091082
16997053021
11994592914
11993439589
11973213713
11993368711
11993345375
11999325052
11992325052
11910390460
11991608619
11910083538
11910737295
11910737682
11910737886
11991951996
11910739507
11910739528
16992759932
11915685408
11994449827
11974577636
11934505135
11933773988
11933778350
11941348785
11943999938
11971379041
11971589624
11972669723
11944718395
11956811026
11974840990
11910794273
16997975582
11912230128
11973473201
11911312631
11996395664
11972795812
11955953067
11976597164
11943749794
11941677277
11932483177
11914722194
11976162295
11933698992
11969132271
11976047454
11932978819
11950224911
16993270282
11992324102
11993314071
11991602983
11989633265
11976047454
11932863166
11932978819
11971615695
11969100576

CONTROLE DE LINHAS E APARELHOS UNIDADE 207

11915740059
11997066181
11973006448
11966121906
11966157471
11966162932
11966472001
11976274248
11970677442
11993163582
11912117489
11994742870
11910739463
11976254760
11940024754
11915620795
11976317076
11915762751
11941139944
11910526913
11976411107
11976587407
11937106702
11916007492
11933166412
11910803085
11976672550
16997457197
11976679081
11993145457
11993156974
11974825166
11976783007
11976859970
11976962498
11933803401
11915864260
11933141311
11994218750
11989294976
11994630270
11989944567
11943252367
11992234051
11991065709
11976263896
11994770040
11991288581
11991310327
11933134061
11941549268
11910054179
11910064863
11992038347
11989117421
11993546742
11996609993
11995581027
11915572504
11992975310
11988000385
11911295132
11950447299
11993158060
11976703763
11915572451
11993168706
11966487248
11993329097
11993188488
11993188647
11933166916
11993229081
11993253336
11993266348
11993801520
11993159270
11992174728
11993338467
11993339367
16999640631
11993344152
11970643486
11993165694
11993381713
11933141957
11937674151
11993411152
11993492085
11993519018
11976659594
11933141767
11993524630
11964704905
11993568981
11993574042
11993340418
11993583879
11993628409
11993765719
11932918259
11976660254
11993769482
11993161087
11993775993
11993800900
11965886425
11973093458
11910390816
11944620909
11994120850
11989053973
11992234826
11910389973
11994590701
11994591845
11994627024
11914146413
11994627675
11994630254
11994646172
11991577571
11910795854
11993769485
11991405296
11991425823
11976362426
11911942070
11910739058
11911821217
11966057283
11976373729
11956296218
11932918294
11994101054
11915572856
11976211595
11933141326
11966054276
11975544179
11973975829
11997024120
11989991006
11953081449
11933141496
11933141355
11956180909
11994103350
11934303714
11943977010
11993410156
11932952550
11910796018
11910803033
11998737805
11997059532
11952826503
11989215194
11910748220
11999422953
11993323743
11993534963
11910502633
11993346639
11933141641
11972407356
11992061879
11991015094
11994636495
11970904225
11999724239
11994651372
11933902831
11932981164
11915571485
11915572857
11975493217
11933141690
11992232620
11933705556
11993163532
11976162295
11993579514
11932478093
11997039461
11993091498
11933166610
11933790684
11910521654
11910781184
11910527465
11966164711
11994211428
11956021868
11950315777
11934304134
11976674946
11993768319
11993539078
11992522360
11972533862
11912975863
11991827410
11941938283
11946660254
11933867754
11910797459
11915573187
11915571638
11910389923
11976701579
11915570845
11993186803
11915571243
11933716951
11915572796
11976967746
11993188329
11973445802
11915571575
11976701579
11912328049
11914722175
11910390945
11910724715
11941558229
11914749601
11915572236
11976312492
11976312492
11993157422
11993168676
11933166412
11910736428
11911057258
11910781183
11993521309
11993188831
11993166937
11930352377
11993546958
11910177627
11933696188
11993108447
11994627038
11976288633
11966141821
11932978983
11993316516
11947821518
11910064909
11932863167
11976730532
11993768930
11910481404
11976605621
11975279514
11993157524
11912013482
11911824989
11973833391
11976349391
11993321917
11989634803
11989392761
11993769094
11994104119
16996279137
11993383723